8293469 0.0931999 -0.0271027 0.995369 72.3291 -0.995725 -0.00549472 0.093081 4.7455 0.00294651 -0.999718 -0.0274972 -0.155449
8708175 0.0961725 -0.0286439 0.995043 75.0041 -0.995439 -0.00598215 0.0960363 5.00986 0.00320139 -0.999676 -0.0290867 -0.178165
9122890 0.0881532 -0.0219283 0.995951 77.3689 -0.996184 -0.00110555 0.0881466 5.2365 -0.000831785 -0.999859 -0.0219405 -0.189772
9537749 0.0575423 -0.0346916 0.997829 79.515 -0.998399 0.0049269 0.0577437 5.36887 -0.00691886 -0.999493 -0.0343501 -0.189697
9953059 -0.0232743 -0.0369534 0.999137 81.4528 -0.99981 -0.000143057 -0.0232982 5.35737 0.00100382 -0.999426 -0.0369404 -0.223116
10368670 -0.164216 -0.0421583 0.985614 83.2134 -0.986495 0.00231987 -0.164267 5.08121 0.00463842 -0.999212 -0.0419671 -0.253339
10784610 -0.366922 -0.0376202 0.929588 84.8091 -0.930243 0.00064034 -0.36716 4.47801 0.0132163 -0.999396 -0.0352284 -0.281741
11200570 -0.591344 -0.0319188 0.8059 86.0616 -0.806351 0.00299682 -0.591565 3.53795 0.0164658 -0.999591 -0.0275078 -0.30345
11615530 -0.775124 -0.0317162 0.631153 86.9887 -0.631655 0.00881477 -0.775305 2.32168 0.0190249 -0.999564 -0.0268642 -0.315576
12030000 -0.894593 -0.0309184 0.446012 87.5862 -0.446374 0.00587753 -0.894918 0.986065 0.0250461 -0.999611 -0.0190577 -0.314186
12444110 -0.956029 -0.00993248 0.293414 87.9689 -0.29354 0.0165055 -0.95589 -0.452489 0.00465119 -0.999922 -0.018694 -0.31328
12858060 -0.98273 -0.0135682 0.185031 88.2563 -0.185064 0.00147086 -0.98281 -1.99125 0.0130618 -1.00002 -0.00395618 -0.296364
13272350 -0.993882 -0.00902385 0.110916 88.4374 -0.110854 -0.00673893 -0.993898 -3.72427 0.00971564 -1.00004 0.00569706 -0.294269
13686720 -0.998365 -0.000839493 0.0587382 88.555 -0.0587353 0.000432145 -0.998358 -5.70275 0.00081256 -1.00012 -0.000480749 -0.261501
14101300 -0.999505 0.00309462 0.0341284 88.6275 -0.0341317 -0.00204408 -0.9995 -7.91375 -0.00302292 -1.0001 0.00214869 -0.243453
14515890 -0.999861 0.0107317 0.0186337 88.6816 -0.0186306 0.000125943 -0.999912 -10.4467 -0.0107321 -1.00005 7.39726e-05 -0.218025
14930480 -0.999565 0.0220182 0.0239264 88.7352 -0.0238746 0.00248228 -0.999799 -13.231 -0.0220713 -0.999876 -0.00195528 -0.187908
15345080 -0.999143 0.0159594 0.0405949 88.8536 -0.0404453 0.00938177 -0.999225 -16.3079 -0.0163264 -0.999943 -0.00872745 -0.188344
15759900 -0.998509 0.0088526 0.0556006 89.0433 -0.0555706 0.00325444 -0.998538 -19.5721 -0.00901991 -1.00008 -0.00275749 -0.165509
16174740 -0.998563 0.0020133 0.0552882 89.2544 -0.0552718 0.006068 -0.998542 -22.8447 -0.00234542 -1.00009 -0.00594731 -0.118747
16589330 -0.998625 -0.00831936 0.0547752 89.4702 -0.0548214 0.0056496 -0.99864 -26.125 0.00799669 -1.00015 -0.00609704 -0.0821518
17004190 -0.999358 -0.0173899 0.0360599 89.642 -0.0362928 0.0133882 -0.999415 -29.4004 0.0168938 -0.999964 -0.0140089 -0.0523407
17419150 -0.999994 -0.0183063 5.26576e-07 89.6936 -0.000265474 0.0145854 -1.00006 -32.6229 0.0183043 -0.999931 -0.0145882 -0.0361092
17833840 -0.999066 -0.0163914 -0.0438534 89.6076 0.0435804 0.0167601 -0.999072 -35.7877 0.017108 -0.999931 -0.0160279 -0.0227551
18248550 -0.99656 -0.0153175 -0.0834177 89.3978 0.0831956 0.0147414 -0.99659 -38.86 0.016492 -0.999977 -0.0134144 -0.00634361
18663260 -0.993591 -0.00787248 -0.114194 89.081 0.114035 0.0185785 -0.993469 -41.8017 0.00994043 -1.00001 -0.0175594 0.00607599
19077720 -0.992559 -0.00168932 -0.123095 88.7418 0.123029 0.022188 -0.992323 -44.5981 0.00440617 -0.999947 -0.021812 0.0119155
19492240 -0.994309 -0.000951823 -0.108077 88.4596 0.108044 0.0185131 -0.994142 -47.1352 0.00294586 -1.00003 -0.0183025 0.018196
19906520 -0.999133 -0.00365487 -0.0452836 88.3491 0.0452265 0.0148307 -0.999036 -49.3919 0.00432171 -1.00009 -0.0146505 0.0315114
20320610 -0.996978 -0.00890169 0.0792899 88.4968 -0.0794015 0.0131619 -0.996924 -51.4862 0.00782897 -1.00008 -0.0138269 0.0428424
20734440 -0.964318 -0.0202745 0.264605 89.0394 -0.265086 0.0267358 -0.964028 -53.421 0.0124684 -0.999645 -0.0311517 0.0349791
21148370 -0.866282 -0.0116302 0.499753 89.9563 -0.499888 0.0202668 -0.866049 -55.1491 -5.65995e-05 -0.99993 -0.0233669 0.0234556
21562720 -0.701265 -0.00915719 0.713078 91.301 -0.713129 0.0134193 -0.701144 -56.4242 -0.00314827 -1.00008 -0.015938 0.000518471
21977710 -0.490805 -0.0298477 0.87095 92.9529 -0.871422 0.0267247 -0.490153 -57.352 -0.00864488 -0.999408 -0.0391205 -0.0231832
22393170 -0.319071 -0.045363 0.946822 94.7296 -0.947907 0.0137733 -0.318778 -57.8966 0.00141952 -0.999086 -0.0473875 -0.064591
22809640 -0.236358 -0.0430155 0.970886 96.6481 -0.97183 0.015424 -0.235903 -58.3487 -0.00482667 -0.999167 -0.0454424 -0.129428
23225710 -0.216547 -0.0404681 0.975605 98.7065 -0.976343 -0.00551559 -0.216942 -58.7619 0.0141583 -0.99938 -0.0383105 -0.192579
23641430 -0.23104 -0.0279902 0.972716 100.898 -0.973029 -0.00700918 -0.231316 -59.2654 0.0132908 -0.999801 -0.0256116 -0.241866
24056420 -0.245876 -0.0459745 0.968386 103.325 -0.969397 -0.00113861 -0.246188 -59.8752 0.0124194 -0.999157 -0.044281 -0.299204
24471000 -0.251308 -0.0297653 0.967628 105.958 -0.968075 0.00344651 -0.251318 -60.5633 0.00414497 -0.99977 -0.0296764 -0.368495
24885470 -0.242105 -0.0421747 0.969616 108.8 -0.970506 0.00889349 -0.241936 -61.2701 0.00158129 -0.999392 -0.0430722 -0.438813
25299900 -0.229815 -0.0317818 0.972996 111.774 -0.973449 -0.00171142 -0.229977 -61.9496 0.00897367 -0.999812 -0.0305357 -0.523961
25714630 -0.22039 -0.0372755 0.97498 114.892 -0.975659 0.0130395 -0.220041 -62.6631 -0.00450845 -0.999539 -0.039231 -0.583887
26129230 -0.220978 -0.0381453 0.974814 118.187 -0.975531 0.00543299 -0.220923 -63.3778 0.00313201 -0.99957 -0.0384018 -0.671501
26544050 -0.23004 -0.0427425 0.972522 121.524 -0.97326 -0.00909501 -0.230611 -64.1047 0.0186998 -0.999366 -0.0394962 -0.76222
26958500 -0.235144 -0.0389118 0.971458 124.869 -0.972213 0.00461023 -0.235136 -64.9221 0.00467168 -0.999551 -0.0389031 -0.83043
27373230 -0.239519 -0.0472438 0.970025 128.208 -0.971081 -0.000779718 -0.239814 -65.7131 0.012085 -0.999203 -0.045678 -0.926008
27787700 -0.23674 -0.0512442 0.970508 131.492 -0.971834 0.0130951 -0.236371 -66.5241 -0.00059444 -0.998923 -0.0528868 -1.00209
28202280 -0.23179 -0.0410298 0.972185 134.765 -0.973004 0.00385518 -0.231822 -67.2764 0.00576381 -0.999474 -0.0408045 -1.12263
28616840 -0.217994 -0.0386403 0.975467 137.983 -0.976208 0.00818442 -0.217833 -68.0058 0.000434969 -0.999536 -0.0394943 -1.19505
29031560 -0.209013 -0.0464126 0.977094 141.193 -0.978118 -0.00051583 -0.209254 -68.6612 0.010215 -0.999247 -0.0452767 -1.26961
29446140 -0.194433 -0.0381079 0.980459 144.351 -0.981173 0.00846065 -0.194243 -69.3099 -0.000891426 -0.999556 -0.0390247 -1.35145
29860880 -0.173796 -0.0628006 0.98306 147.53 -0.985038 0.011773 -0.173392 -69.8612 -0.000683005 -0.998284 -0.0638906 -1.46684
30275700 -0.148932 -0.0442043 0.988142 150.711 -0.9891 0.0093336 -0.148656 -70.3506 -0.00264946 -0.999304 -0.0451006 -1.57294
30690400 -0.114792 -0.0391154 0.992901 153.946 -0.993625 -0.00179327 -0.114942 -70.7095 0.0062771 -0.999557 -0.0386495 -1.66803
31105010 -0.0820726 -0.0591354 0.995152 157.245 -0.996785 -0.009078 -0.0827434 -70.9815 0.0139257 -0.998536 -0.058185 -1.76993
31520060 -0.063108 -0.0473352 0.997165 160.542 -0.998061 -0.0170464 -0.0639694 -71.1675 0.0200237 -0.999059 -0.0461552 -1.90015
31934300 -0.0502095 -0.0685845 0.996663 163.866 -0.998617 -0.0239584 -0.0519528 -71.3093 0.0274377 -0.997684 -0.0672698 -2.02374
32348880 -0.0275196 -0.0526206 0.998517 167.132 -0.999766 -0.013525 -0.028262 -71.4229 0.0149907 -0.998853 -0.0522223 -2.15945
32763730 -0.0014634 -0.0671463 0.998025 170.497 -1.00022 0.00935359 -0.000832694 -71.4556 -0.00927473 -0.998023 -0.0671574 -2.30345
33178559 0.0239405 -0.055245 0.998547 173.843 -0.999628 0.0275195 0.0255004 -71.4231 -0.0288752 -0.998495 -0.0545454 -2.43993
33593560 0.0402269 -0.0643716 0.997475 177.244 -0.999435 0.010719 0.0410092 -71.2495 -0.0133234 -0.998273 -0.0638807 -2.59514
34008350 0.0484176 -0.0647019 0.997094 180.632 -0.999089 0.00888028 0.0491027 -71.0733 -0.0120233 -0.998273 -0.0641895 -2.75252
34423340 0.0523672 -0.05199 0.997636 184.029 -0.998727 0.0189457 0.0534234 -70.8877 -0.0216674 -0.99887 -0.0509122 -2.90324
34837900 0.0572542 -0.0671166 0.996463 187.451 -0.998331 0.0230448 0.0589254 -70.683 -0.0269051 -0.997883 -0.0656612 -3.03904
35252510 0.0582444 -0.0610009 0.9968 190.815 -0.998485 0.0138181 0.0592004 -70.451 -0.0173751 -0.998452 -0.0600813 -3.18148
35667200 0.060977 -0.064736 0.996401 194.121 -0.998428 0.00568654 0.0614822 -70.2141 -0.00963845 -0.998294 -0.0642639 -3.32297
36082080 0.0662462 -0.0783596 0.995085 197.368 -0.998135 -0.00190943 0.0663103 -69.9884 -0.00329012 -0.997333 -0.0783119 -3.49202
36496880 0.0661058 -0.0653494 0.996036 200.302 -0.99803 0.0110693 0.066976 -69.7858 -0.0153925 -0.998212 -0.0644653 -3.63227
36911770 0.0530446 -0.062281 0.997012 203.036 -0.998718 0.0172342 0.0542233 -69.6238 -0.0205487 -0.998323 -0.0612638 -3.74082
37326430 0.0290294 -0.0662002 0.997744 205.703 -0.999889 0.00595679 0.029498 -69.4939 -0.00788925 -0.998198 -0.0659953 -3.86668
37741030 0.00217112 -0.0599398 0.998564 208.306 -1.00032 0.00613006 0.00255406 -69.4673 -0.00626798 -0.998595 -0.0599226 -3.97784
38155720 -0.0135782 -0.0702849 0.9978 210.868 -1.00013 0.0157269 -0.012491 -69.5033 -0.0148055 -0.997816 -0.0704821 -4.0924
38570230 -0.0117849 -0.0727073 0.997651 213.466 -1.00025 0.00424371 -0.0114952 -69.5109 -0.00339283 -0.997755 -0.07275 -4.23988
38984720 -0.00107216 -0.0576597 0.998702 216.097 -1.00033 0.00446914 -0.000804596 -69.506 -0.00441118 -0.998737 -0.0576615 -4.36433
39399320 0.0146399 -0.0929898 0.995928 218.825 -1.00016 0.0106374 0.0157067 -69.4722 -0.0120467 -0.996025 -0.0928162 -4.52453
39814160 0.0242359 -0.0786304 0.996974 221.557 -0.999721 0.0236258 0.0261773 -69.4129 -0.0256003 -0.997036 -0.0780075 -4.72601
40228960 0.0285042 -0.079629 0.996781 224.354 -0.998952 0.0419449 0.0319283 -69.3437 -0.0443345 -0.996356 -0.0783213 -4.90541
40643620 0.0311009 -0.0892625 0.995893 227.126 -0.998234 0.0539979 0.0360255 -69.2688 -0.0569697 -0.99496 -0.087394 -5.08569
41058450 0.0318729 -0.0669924 0.997611 229.856 -0.998032 0.0577947 0.0357788 -69.1704 -0.0600305 -0.996493 -0.064994 -5.23955
41473270 0.0327062 -0.0873841 0.996089 232.486 -0.998036 0.0577395 0.0378491 -69.066 -0.0607891 -0.994992 -0.0852836 -5.38321
41887680 0.047482 -0.0922327 0.995054 234.804 -0.99648 0.0703007 0.0540799 -68.9744 -0.0749028 -0.993752 -0.0885277 -5.53647
42301840 0.113321 -0.0858597 0.990295 236.901 -0.990268 0.0763477 0.119953 -68.7593 -0.0858631 -0.993876 -0.0763352 -5.6573
42715820 0.232983 -0.0906578 0.968709 238.845 -0.968504 0.0731205 0.239792 -68.3048 -0.0925255 -0.993693 -0.0707331 -5.75012
43129650 0.407533 -0.0756614 0.910544 240.528 -0.910513 0.0489698 0.411605 -67.5117 -0.0756908 -0.996431 -0.0489101 -5.81911
43543500 0.603369 -0.0562081 0.79604 241.904 -0.797024 0.00676714 0.604613 -66.3823 -0.0393439 -0.998894 -0.0406986 -5.8597
43957960 0.767729 -0.0646516 0.638204 242.94 -0.640891 -0.0358848 0.767348 -65.026 -0.0266866 -0.997759 -0.0689585 -5.91413
44372740 0.890706 -0.0687345 0.450346 243.622 -0.453324 -0.0362829 0.891087 -63.5734 -0.0448797 -0.997475 -0.0634552 -5.96758
44787490 0.967929 -0.0636734 0.244848 244.025 -0.246652 -0.0224251 0.969287 -61.9006 -0.0561947 -0.998218 -0.0374024 -6.03498
45203360 0.995315 -0.0608702 0.0808441 244.166 -0.0822277 -0.0207768 0.996827 -60.0091 -0.0589653 -0.998429 -0.0256822 -6.05921
45618560 0.999032 -0.0509177 -0.0155227 244.113 0.0148824 -0.013113 1.00024 -57.9301 -0.0511047 -0.999117 -0.012346 -6.07012
46034570 0.998248 -0.0447958 -0.0489252 243.967 0.0485909 -0.00870456 0.999211 -55.681 -0.0451609 -0.99946 -0.00651868 -6.06324
46450210 0.998014 -0.0488672 -0.0497782 243.813 0.0493045 -0.0110158 0.999153 -53.0338 -0.049347 -0.999246 -0.00858984 -6.06442
46865420 0.997954 -0.0527841 -0.0468924 243.668 0.0467292 -0.0044805 0.999328 -50.1432 -0.0529301 -0.999097 -0.00201276 -6.06048
47280390 0.997741 -0.0610947 -0.0409767 243.524 0.0406846 -0.00615568 0.999583 -46.8923 -0.0612892 -0.998614 -0.00366348 -6.04738
47695090 0.997585 -0.0649663 -0.0388149 243.375 0.0376315 -0.0194789 0.999532 -43.3873 -0.0656582 -0.9982 -0.016989 -6.03672
48109680 0.997225 -0.068611 -0.0417839 243.219 0.040986 -0.013122 0.999506 -39.8609 -0.0690901 -0.998061 -0.010278 -6.02508
48524140 0.995964 -0.0768233 -0.055263 243.047 0.0531507 -0.0293898 0.998589 -36.3325 -0.0782995 -0.997116 -0.0251869 -6.0235
48938730 0.995788 -0.0721294 -0.06399 242.822 0.06244 -0.0236593 0.998203 -32.8154 -0.0734763 -0.99762 -0.0190572 -6.03789
49353850 0.996518 -0.0595843 -0.065626 242.555 0.0647859 -0.0160611 0.998206 -29.379 -0.0604997 -0.9986 -0.0121489 -6.02414
49768340 0.996834 -0.0636296 -0.0568934 242.334 0.05579 -0.018738 0.998787 -25.9569 -0.0645808 -0.998368 -0.0151173 -6.00498
50183130 0.99637 -0.0757456 -0.0497204 242.159 0.0483341 -0.0198109 0.999164 -22.5973 -0.0766229 -0.997503 -0.0160658 -6.00189
50597700 0.996278 -0.0760537 -0.0509874 241.993 0.0487273 -0.0310754 0.998855 -19.2945 -0.077506 -0.997198 -0.0272371 -6.01077
51012410 0.995896 -0.0712559 -0.0638673 241.777 0.0623077 -0.0236942 0.998298 -16.0617 -0.072606 -0.997751 -0.0191438 -6.01815
51427120 0.995226 -0.0606425 -0.0825515 241.507 0.0809422 -0.0283048 0.996841 -12.8656 -0.0627501 -0.99833 -0.023246 -6.01619
51841860 0.99525 -0.0423903 -0.092992 241.182 0.0918385 -0.0280734 0.995908 -9.73371 -0.0447974 -0.99928 -0.0240315 -6.02574
52256550 0.995523 -0.0308893 -0.0945663 240.872 0.0936424 -0.0296623 0.995693 -6.78253 -0.0335363 -0.999655 -0.0266208 -6.03777
52671390 0.996414 -0.0261821 -0.0862559 240.613 0.0853672 -0.0328222 0.99634 -4.08515 -0.0288947 -0.999695 -0.0304515 -6.05255
53085970 0.997181 -0.0295002 -0.0756758 240.407 0.0747742 -0.0300603 0.997281 -1.59894 -0.0316705 -0.999682 -0.0277527 -6.06602
53500560 0.998271 -0.0303337 -0.0591928 240.252 0.0581771 -0.0328373 0.998299 0.636943 -0.0322013 -0.999575 -0.030997 -6.08577
53915140 0.99906 -0.0329099 -0.0420034 240.16 0.0407919 -0.0361769 0.999047 2.59861 -0.0343729 -0.999381 -0.0347798 -6.10283
54329880 0.999659 -0.0350049 -0.0206447 240.12 0.019191 -0.0408969 0.999511 4.27749 -0.0358062 -0.999127 -0.0401879 -6.12653
54744460 0.999646 -0.0408801 0.00257625 240.127 -0.00414726 -0.0379589 0.999794 5.7129 -0.0407463 -0.999019 -0.0380924 -6.14659
55159030 0.999365 -0.0426566 0.0205154 240.163 -0.0220944 -0.0364446 0.999625 6.73524 -0.0418644 -0.99901 -0.0373415 -6.166
55573750 0.998977 -0.0461796 0.0297925 240.191 -0.0312053 -0.0297692 0.999603 7.35094 -0.0452449 -0.999065 -0.03116 -6.1667
55988350 0.998837 -0.0473003 0.0325632 240.201 -0.0337627 -0.0243814 0.999667 7.64034 -0.0464603 -0.999163 -0.0259329 -6.16973
56402790 0.998884 -0.046163 0.0327653 240.205 -0.0339356 -0.0243877 0.999662 7.72753 -0.0453186 -0.99922 -0.0259096 -6.16952
56817260 0.998898 -0.0458187 0.0328138 240.201 -0.0338005 -0.0205093 0.999753 7.72227 -0.0451047 -0.99932 -0.0220196 -6.16578
57231970 0.998855 -0.0466818 0.0329294 240.208 -0.0339197 -0.020168 0.999757 7.72586 -0.0459758 -0.999289 -0.0217127 -6.16876
57646570 0.998869 -0.0461551 0.0332598 240.205 -0.0342046 -0.0194189 0.999762 7.77312 -0.0454684 -0.999329 -0.0209603 -6.16801
58061270 0.998888 -0.0462381 0.0344895 240.217 -0.035151 -0.0133628 0.999905 7.93525 -0.045743 -0.999482 -0.0149591 -6.16983
58475980 0.998307 -0.0476165 0.0470332 240.239 -0.0474493 -0.00742469 0.999453 8.36276 -0.0472109 -0.999478 -0.00966003 -6.1725
58890710 0.995447 -0.0445305 0.0905469 240.324 -0.0908477 -0.00449742 0.996468 9.09114 -0.0439377 -0.999635 -0.0085114 -6.18111
59305420 0.984482 -0.0466163 0.172395 240.518 -0.173293 -0.0155014 0.98537 10.0523 -0.0432346 -0.999428 -0.0233199 -6.19046
59720500 0.953352 -0.0626327 0.297148 240.909 -0.298603 -0.0147366 0.954904 11.1275 -0.0553958 -0.998572 -0.0327267 -6.21085
60135780 0.881814 -0.0644701 0.468346 241.549 -0.470897 -0.0311234 0.882331 12.2554 -0.0422828 -0.998072 -0.0577652 -6.26601
60551000 0.751749 -0.0760678 0.655888 242.558 -0.659033 -0.0244218 0.752526 13.3121 -0.0412025 -0.997442 -0.0684458 -6.34029
60966000 0.561933 -0.0696187 0.824921 243.899 -0.827529 -0.0175453 0.562228 14.1405 -0.0246565 -0.998067 -0.0674269 -6.4563
61380460 0.34693 -0.079511 0.93511 245.678 -0.938201 -0.00300454 0.347822 14.8226 -0.024836 -0.997469 -0.0755923 -6.57012
61794550 0.175368 -0.0752485 0.982192 247.762 -0.985034 -0.000516719 0.175832 15.2069 -0.0127216 -0.99781 -0.0741668 -6.71604
140994700 -0.99636 -0.0570593 0.0805862 238.798 -0.0805504 -0.00255548 -0.99824 33.4714 0.0570779 -0.99977 -0.00204286 -6.60075
141409400 -0.997177 -0.0556174 0.070864 238.998 -0.0705122 -0.00785449 -0.99897 30.9682 0.0560313 -0.999826 0.00390957 -6.54804
141823700 -0.998245 -0.0596002 0.0493607 239.132 -0.0493041 -0.00196592 -1.00028 28.803 0.059623 -0.999622 -0.000970686 -6.49269
142238400 -0.99938 -0.0582742 0.0181656 239.188 -0.0180967 -0.00114048 -1.00133 26.915 0.0582836 -0.9997 8.88738e-05 -6.44564
142653300 -0.999403 -0.0567306 -0.0214556 239.164 0.0214547 0.0013314 -1.00125 25.2886 0.0567439 -0.999788 -0.000109978 -6.40339
143068000 -0.997986 -0.0460715 -0.0662578 239.062 0.0663233 0.00117224 -0.999289 23.9386 0.0460442 -1.00034 0.0018861 -6.36878
143482700 -0.993659 -0.0407154 -0.11608 238.917 0.115955 0.00678562 -0.994732 22.864 0.0412226 -1.00055 -0.00201633 -6.34328
143897300 -0.985858 -0.041625 -0.169823 238.759 0.169945 0.00222707 -0.986961 22.133 0.0413942 -1.00053 0.00487389 -6.32467
144312000 -0.975102 -0.0310799 -0.225174 238.556 0.225373 -0.000485373 -0.9758 21.4996 0.0301678 -1.00092 0.00746956 -6.29295
144726700 -0.959177 -0.0357846 -0.284948 238.34 0.28539 -0.00515427 -0.959949 20.8812 0.0328284 -1.00074 0.0151377 -6.27685
145141500 -0.930307 -0.043154 -0.367649 238.017 0.368752 -0.0178725 -0.930956 20.1573 0.0335477 -1.00031 0.0324974 -6.25096
145556700 -0.867218 -0.0425746 -0.498623 237.423 0.499852 -0.0206304 -0.867576 19.2309 0.0266043 -1.00028 0.0391194 -6.20127
145972000 -0.757987 -0.0538767 -0.651975 236.516 0.653678 -0.0173157 -0.758527 18.1955 0.0295282 -0.999806 0.0482762 -6.12988
146387000 -0.597002 -0.0560769 -0.801857 235.199 0.803881 -0.0254719 -0.596718 17.2509 0.0130119 -0.999503 0.0602022 -6.03072
146801700 -0.38892 -0.0603233 -0.920678 233.449 0.92283 -0.0289436 -0.387918 16.486 -0.00324884 -0.999167 0.0668304 -5.89637
147216000 -0.204978 -0.0513365 -0.978723 231.278 0.979957 -0.0354978 -0.203352 16.0101 -0.024274 -0.999452 0.0575006 -5.7447
147629700 -0.0984602 -0.0480505 -0.995267 228.749 0.996006 -0.039469 -0.0966005 15.7298 -0.0345963 -0.999469 0.0516687 -5.59164
148043400 -0.0387584 -0.043806 -0.999565 225.884 0.999954 -0.0408854 -0.0369486 15.5886 -0.0391981 -0.999614 0.0453193 -5.43416
148457200 -0.0186618 -0.0409269 -1.00027 222.693 1.00021 -0.0470145 -0.0167044 15.526 -0.0462827 -0.999465 0.0417493 -5.2688
148871300 -0.0195539 -0.0404282 -1.00027 219.192 1 -0.0512702 -0.0174432 15.4681 -0.0505123 -0.999276 0.0413667 -5.09168
149285600 -0.0264777 -0.0455428 -1.00015 215.423 0.999396 -0.0569577 -0.0238805 15.3869 -0.0557781 -0.998811 0.0469729 -4.89725
149700100 -0.0408533 -0.0452999 -0.99968 211.383 0.998877 -0.0582073 -0.0382007 15.2399 -0.056356 -0.998749 0.0475752 -4.66761
150114700 -0.055306 -0.0419608 -0.999135 207.151 0.998449 -0.0538194 -0.0530273 15.004 -0.0514523 -0.999141 0.0448239 -4.43445
150529300 -0.0645082 -0.0372629 -0.998771 202.749 0.997611 -0.0593556 -0.0622385 14.7312 -0.0568592 -0.999021 0.0409587 -4.19268
150943700 -0.0702263 -0.0348273 -0.998472 198.239 0.997411 -0.0558946 -0.0682227 14.4114 -0.0533338 -0.999304 0.038622 -3.94574
151358300 -0.0707625 -0.0318391 -0.998533 193.68 0.997277 -0.05752 -0.06886 14.0839 -0.0551409 -0.999314 0.0357858 -3.70599
151772900 -0.0668597 -0.0302538 -0.998851 188.98 0.997866 -0.0511426 -0.0652646 13.7401 -0.049016 -0.999705 0.0335749 -3.47432
152187500 -0.0595008 -0.0224071 -0.999527 184.251 0.998305 -0.0511484 -0.0583007 13.4388 -0.0497238 -0.999919 0.0253899 -3.25606
152602100 -0.0534921 -0.0210523 -0.999893 179.37 0.998489 -0.053905 -0.0523008 13.1577 -0.0526999 -0.9998 0.0238834 -3.0744
153016700 -0.0479445 -0.0237415 -1.00012 174.417 0.99835 -0.0613342 -0.0464227 12.9186 -0.0601302 -0.999315 0.026619 -2.87892
153431300 -0.0432486 -0.0194796 -1.00043 169.346 0.998876 -0.0557177 -0.0421144 12.675 -0.05482 -0.999734 0.0218496 -2.67517
153845800 -0.0436264 -0.0256045 -1.00027 164.209 0.998848 -0.0561731 -0.0421446 12.4491 -0.0550076 -0.999571 0.0279998 -2.46712
154260300 -0.045008 -0.0192661 -1.00035 159.001 0.998587 -0.0593814 -0.0438032 12.218 -0.0584515 -0.999527 0.0218941 -2.26335
154674600 -0.0477462 -0.0180314 -1.00025 153.765 0.998453 -0.0596404 -0.0466034 11.9665 -0.058708 -0.99954 0.0208341 -2.06969
155088900 -0.0508797 -0.013265 -1.00017 148.552 0.998356 -0.0584638 -0.0500306 11.6972 -0.0577048 -0.999685 0.0162076 -1.87612
155503300 -0.0540761 -0.0134302 -0.999997 143.334 0.998317 -0.0562224 -0.0532488 11.4121 -0.0554047 -0.999819 0.0164367 -1.69259
155917800 -0.0558524 -0.00987408 -0.999946 138.201 0.998372 -0.053216 -0.0552578 11.1191 -0.0525692 -1.00003 0.0128244 -1.5141
156332200 -0.0596698 -0.000455154 -0.999777 133.069 0.99804 -0.0547981 -0.0595606 10.8086 -0.0546576 -0.999973 0.00373054 -1.39275
156746800 -0.0623887 0.00393317 -0.9996 128.026 0.997693 -0.0576635 -0.0625166 10.4903 -0.0577811 -0.999809 -0.000314472 -1.28159
157161400 -0.0622025 -0.000199987 -0.999617 123.089 0.997711 -0.057777 -0.0620923 10.1762 -0.0576376 -0.99983 0.00379925 -1.17843
157576000 -0.0587378 0.000372518 -0.999936 118.388 0.998164 -0.0550304 -0.0586859 9.87036 -0.0549421 -1.00003 0.0028623 -1.05952
157990600 -0.0546921 -2.41492e-05 -1.00016 113.972 0.998504 -0.0530923 -0.054631 9.60882 -0.0529962 -1.00014 0.0029295 -0.94262
158405300 -0.0505499 0.000105173 -1.00038 109.858 0.998502 -0.0571525 -0.0504915 9.38869 -0.0570699 -0.999917 0.00278616 -0.830856
158820000 -0.0443856 0.00413358 -1.00067 106.148 0.998802 -0.0567002 -0.0445678 9.20335 -0.0568126 -0.999927 -0.00160319 -0.733528
159234600 -0.0407171 0.00979418 -1.00078 102.78 0.998864 -0.0582243 -0.0412387 9.052 -0.0585611 -0.999802 -0.00739487 -0.663611
159649000 -0.0640659 0.0130342 -0.999524 99.8039 0.996722 -0.0717695 -0.0648538 8.9165 -0.0724466 -0.998893 -0.00837492 -0.607026
160062900 -0.156543 0.0175149 -0.989196 97.2147 0.985874 -0.0779965 -0.157435 8.57393 -0.0797657 -0.998359 -0.00504608 -0.554426
160476600 -0.304572 0.0161589 -0.954091 95.0104 0.951656 -0.0646896 -0.30494 7.89156 -0.0665224 -0.999333 0.00431975 -0.496972
160890700 -0.482596 0.0139016 -0.877619 93.0941 0.876858 -0.0304857 -0.482724 6.82177 -0.0333916 -1.001 0.00251549 -0.427313
161304900 -0.663525 0.0101594 -0.750283 91.4933 0.75011 -0.000617011 -0.663461 5.39527 -0.00717136 -1.0015 -0.00720813 -0.392097
161719800 -0.820589 0.00781055 -0.574327 90.2878 0.57419 0.00231132 -0.820461 3.71505 -0.00505469 -1.00152 -0.00638416 -0.366646
162134100 -0.932322 -0.000765323 -0.366114 89.5139 0.36597 0.0105889 -0.932112 1.78561 0.00459769 -1.0015 -0.00959405 -0.356663
162548900 -0.984347 -0.0123812 -0.184841 89.1772 0.184675 0.00848123 -0.984229 -0.196127 0.0137435 -1.00144 -0.00607137 -0.340771
162964400 -0.998865 -0.0140819 -0.0730046 89.006 0.0729666 -5.96466e-05 -0.99878 -2.3083 0.0140477 -1.00146 0.00106681 -0.317071
163380100 -1.00111 -0.00936856 -0.0308155 88.9461 0.0307962 -0.00144346 -1.00096 -4.54934 0.00932676 -1.00151 0.00171166 -0.279405
163795700 -1.00135 -0.00320901 -0.0234727 88.8957 0.0234385 0.000683733 -1.00117 -6.96155 0.00323177 -1.00155 -0.000627999 -0.250779
164210700 -1.00131 0.00526175 -0.0243847 88.8205 0.0243553 0.000448738 -1.00115 -9.58868 -0.00524092 -1.00154 -0.000596246 -0.222031
164625400 -1.00128 0.0207206 -0.0168975 88.7458 0.0169114 0.00194322 -1.0013 -12.4271 -0.0206749 -1.00133 -0.00231199 -0.189696
165039800 -1.0011 0.0280264 0.0169693 88.7542 -0.0167845 0.00758985 -1.00127 -15.5296 -0.0281397 -1.00114 -0.0071365 -0.168247
165454400 -0.999439 0.0177058 0.06383 88.9411 -0.0637562 0.00532527 -0.999402 -19.0215 -0.0180004 -1.00138 -0.00420673 -0.155817
165869100 -0.998062 -0.00232146 0.0824237 89.2826 -0.0824067 0.00531024 -0.998339 -22.4822 0.00188132 -1.00164 -0.00547643 -0.122528
166284100 -0.999449 -0.0160931 0.0615435 89.5785 -0.0616219 0.00649608 -0.999829 -25.9712 0.0156702 -1.00151 -0.00746618 -0.0852398
166698800 -1.00109 -0.0224791 0.0162156 89.7151 -0.0164868 0.0138628 -1.00152 -29.4264 0.022257 -1.00132 -0.0142202 -0.0505632
167113500 -1.0008 -0.0177978 -0.031571 89.6616 0.0313831 0.0136849 -1.00117 -32.8369 0.0182254 -1.00141 -0.0131106 -0.0295384
167528000 -0.999189 -0.0085935 -0.0670001 89.4618 0.0669393 0.0137116 -0.999417 -36.2154 0.00949597 -1.00153 -0.0130985 -0.0195738
167942300 -0.998823 -0.00530426 -0.0725509 89.2227 0.0725767 0.00677951 -0.999097 -39.6593 0.00578682 -1.00163 -0.00637006 -0.00369656
168356800 -0.999431 -0.00456573 -0.0636937 88.9997 0.063681 0.01475 -0.999617 -43.2496 0.00549935 -1.00155 -0.014422 0.014231
168771500 -0.999069 -0.0176026 -0.0670207 88.8096 0.0667942 0.0164615 -0.999389 -46.8843 0.0186699 -1.00137 -0.0152403 0.0158716
169186400 -0.994245 -0.0381917 -0.113847 88.5273 0.113603 0.0103048 -0.995239 -50.467 0.0391246 -1.00089 -0.0058906 0.0335482
169601300 -0.982258 -0.0313005 -0.19271 87.9487 0.192266 0.0191949 -0.982944 -53.9969 0.0344143 -1.00098 -0.0128092 0.0763296
170016000 -0.962874 -0.0153846 -0.274928 87.0771 0.274773 0.0170344 -0.963183 -57.3629 0.0194732 -1.00141 -0.0121486 0.102245
170430300 -0.945485 -7.56488e-05 -0.330166 85.9826 0.330182 0.0244032 -0.945461 -60.6621 0.00811871 -1.00136 -0.0230044 0.109402
170844500 -0.939892 0.000997324 -0.345772 84.7743 0.345832 0.0206301 -0.93994 -63.9917 0.00618836 -1.00146 -0.0196969 0.0704082
171258900 -0.938615 0.00131882 -0.349219 83.5456 0.3493 0.0179448 -0.938712 -67.4052 0.00502319 -1.00149 -0.0172693 0.0641015
171673500 -0.926255 0.00179788 -0.380797 82.2003 0.380867 0.0214074 -0.926277 -70.8464 0.00647858 -1.00143 -0.0204741 0.0440899
346220600 0.993673 -0.114316 -0.0667673 219.951 0.0676003 0.00876695 0.999932 -99.3108 -0.113469 -0.996173 0.0164398 -5.08862
346635100 0.992729 -0.120365 -0.0700837 219.704 0.0698163 -0.00140077 0.99982 -95.5934 -0.120173 -0.995501 0.0070328 -4.97376
347049700 0.993464 -0.113351 -0.0713537 219.429 0.0704169 -0.00691505 0.999756 -91.8954 -0.11356 -0.996302 0.00114464 -4.88273
347464300 0.993404 -0.113407 -0.0720909 219.185 0.0714353 -0.00449548 0.9997 -88.5 -0.113441 -0.99631 0.00366259 -4.79647
347879000 0.994097 -0.109336 -0.0687424 218.958 0.0672432 -0.0118599 0.999932 -85.4208 -0.109895 -0.996706 -0.00439361 -4.71545
348295600 0.994113 -0.113299 -0.0552937 218.817 0.0532903 -0.0196929 1.00113 -82.8028 -0.114123 -0.996185 -0.0134895 -4.66446
348708300 0.994502 -0.119638 -0.028381 218.761 0.0270724 -0.0115276 1.00229 -80.7504 -0.119836 -0.995571 -0.0081824 -4.63897
349123200 0.995694 -0.108449 0.0314466 218.794 -0.0329822 -0.0109917 1.00214 -78.8709 -0.107958 -0.996857 -0.0144572 -4.62554
349538100 0.985619 -0.109042 0.144308 219.041 -0.146029 -0.00600406 0.992026 -77.0568 -0.106935 -0.996843 -0.0217459 -4.62923
349953200 0.950742 -0.0939546 0.302376 219.545 -0.304102 -0.00116107 0.955504 -75.3468 -0.0891011 -0.998393 -0.0295439 -4.65299
350368100 0.87866 -0.0823558 0.474723 220.366 -0.476239 0.00615572 0.882388 -73.7842 -0.0753146 -0.999397 -0.0336493 -4.69885
350782800 0.766106 -0.0892604 0.639791 221.571 -0.642882 -0.00166844 0.769495 -72.2814 -0.0673784 -0.998825 -0.0584284 -4.76998
351197700 0.613108 -0.0708895 0.789512 223.123 -0.7917 0.00585067 0.615272 -71.0145 -0.0480644 -1.00027 -0.0522982 -4.871
351611800 0.45112 -0.0809814 0.89119 224.896 -0.893017 0.0315234 0.454842 -70.1323 -0.0647451 -0.999033 -0.0578371 -4.96188
352025900 0.303541 -0.0848811 0.951299 226.807 -0.953681 0.0361151 0.307443 -69.4922 -0.0603027 -0.998552 -0.0696987 -5.06642
352439900 0.176505 -0.0696805 0.984031 228.848 -0.985601 0.0407982 0.179578 -69.1033 -0.0525462 -0.999542 -0.0612042 -5.1705
352853800 0.0840365 -0.0686474 0.996276 230.932 -0.997666 0.048443 0.0873841 -68.9206 -0.0541574 -0.999278 -0.0641379 -5.28777
353267400 0.0526392 -0.0837746 0.997267 233.096 -0.999888 0.0478843 0.056687 -68.7978 -0.0524069 -0.998156 -0.0809349 -5.40631
353680600 0.079643 -0.0836029 0.995488 235.232 -0.996693 0.0680778 0.0853453 -68.6642 -0.0747569 -0.996997 -0.0775992 -5.53641
354094000 0.16443 -0.0889304 0.984572 237.357 -0.98527 0.0728664 0.171029 -68.3416 -0.0867641 -0.996197 -0.0753372 -5.66253
354507200 0.315337 -0.0865742 0.947301 239.351 -0.948372 0.0555125 0.320689 -67.6854 -0.0801545 -0.997524 -0.0643215 -5.7455
354920500 0.513088 -0.0634911 0.858483 241.057 -0.860313 0.0105024 0.514897 -66.6023 -0.0415662 -1.00075 -0.0489944 -5.82297
355334000 0.711114 -0.0660799 0.702986 242.425 -0.705817 -0.0217068 0.711874 -65.2156 -0.031629 -1.0004 -0.061828 -5.88535
355748300 0.867206 -0.0629019 0.498193 243.36 -0.501116 -0.0342563 0.86785 -63.5087 -0.0373297 -1.00025 -0.0610062 -5.96306
356162700 0.964094 -0.0704929 0.264052 243.904 -0.266492 -0.0233993 0.966395 -61.6494 -0.061678 -1.00005 -0.0411941 -6.02618
356577800 0.996808 -0.0617817 0.082362 244.07 -0.0838827 -0.0220813 0.999055 -59.6184 -0.0596915 -1.00077 -0.0271175 -6.05259
356993700 1.00104 -0.0453267 -0.00983253 244 0.00931597 -0.0121675 1.00269 -57.4618 -0.0453843 -1.00181 -0.0117211 -6.06596
357409600 1.00031 -0.0446597 -0.0402581 243.884 0.039974 -0.00818357 1.00198 -55.0284 -0.0448964 -1.00188 -0.0063779 -6.05952
357825200 1.00017 -0.0505849 -0.0366545 243.769 0.0362134 -0.0104067 1.00211 -52.3519 -0.050878 -1.00159 -0.00854838 -6.05791
358240200 1.00001 -0.05577 -0.0331837 243.65 0.0329145 -0.00645176 1.00225 -49.2695 -0.0559023 -1.00134 -0.00459623 -6.05905
358655000 0.999383 -0.0648272 -0.0355114 243.522 0.0351637 -0.00710358 1.00217 -45.8616 -0.0649915 -1.0008 -0.00479946 -6.03802
359069500 0.998489 -0.0701386 -0.048296 243.347 0.0476166 -0.0119571 1.00161 -42.2086 -0.0705868 -1.0004 -0.00857231 -6.03352
359484200 0.997895 -0.0712125 -0.0580126 243.116 0.0572606 -0.0132372 1.0011 -38.3003 -0.0718155 -1.00029 -0.00910394 -6.01798
359898800 0.997581 -0.0719507 -0.0623815 242.855 0.0613784 -0.0167777 1.00081 -34.106 -0.0728114 -1.0002 -0.0122869 -6.02892
360313500 0.998492 -0.0610676 -0.0593511 242.549 0.0586215 -0.0144864 1.001 -29.7986 -0.0617693 -1.00094 -0.0108534 -6.02164
360728200 0.998328 -0.0663612 -0.0563693 242.285 0.055372 -0.0175361 1.00113 -25.4406 -0.0671935 -1.00057 -0.0137949 -6.00215
361142800 0.997094 -0.0793568 -0.0611849 242.039 0.0595356 -0.0236738 1.00078 -21.1263 -0.0806054 -0.999501 -0.0188331 -5.99015
361557400 0.99713 -0.0697983 -0.0714269 241.714 0.0697748 -0.0266888 1.00003 -16.836 -0.0714647 -1.00013 -0.0216898 -6.00608
361971900 0.997527 -0.0564079 -0.0774584 241.364 0.0759471 -0.0295455 0.999504 -12.6597 -0.0584568 -1.00089 -0.0251298 -6.00552
362386200 0.998187 -0.038031 -0.0801194 241.007 0.0790362 -0.030752 0.999227 -8.70051 -0.0402937 -1.00172 -0.0276268 -6.02648
362800800 0.998447 -0.0278219 -0.0810188 240.673 0.0801494 -0.0331227 0.999064 -4.99534 -0.0303286 -1.00199 -0.0307719 -6.04344
363215400 0.998437 -0.0294551 -0.08056 240.387 0.079604 -0.034266 0.999069 -1.67297 -0.0320348 -1.00191 -0.0317959 -6.05939
363629900 0.998518 -0.02873 -0.0798164 240.129 0.078829 -0.0359604 0.999072 1.24367 -0.0314198 -1.00185 -0.0335669 -6.08154
364044800 0.999711 -0.0262229 -0.0641184 239.942 0.062976 -0.0441624 0.999871 3.6799 -0.0289048 -1.00161 -0.0424038 -6.10595
364459600 1.00103 -0.0319073 -0.0339265 239.869 0.0325987 -0.0424365 1.0014 5.59936 -0.0332355 -1.00151 -0.0413451 -6.13437
364874200 1.00149 -0.0351975 0.00344724 239.879 -0.00474005 -0.0345937 1.00229 6.99609 -0.0350306 -1.00176 -0.0347213 -6.151
365288800 1.00027 -0.0410791 0.044848 239.947 -0.0459928 -0.0248369 1.00154 8.01032 -0.0398893 -1.00183 -0.0266565 -6.15973
365703600 0.995489 -0.0416653 0.107305 240.072 -0.108095 -0.0138408 0.996967 8.89078 -0.0399168 -1.00203 -0.0182201 -6.16353
366118200 0.983064 -0.0480058 0.188508 240.279 -0.189861 -0.0210534 0.984544 9.78601 -0.0431538 -1.00162 -0.0297217 -6.17455
366533000 0.955199 -0.0510254 0.298755 240.618 -0.299729 -0.00710888 0.957037 10.689 -0.0465632 -1.00166 -0.0220056 -6.19274
366948000 0.894557 -0.0644373 0.447099 241.239 -0.449565 -0.022963 0.89619 11.8066 -0.0473385 -1.00065 -0.049369 -6.23402
367363100 0.781311 -0.0749248 0.6231 242.217 -0.626671 -0.0279756 0.782469 13.0052 -0.0410745 -0.999802 -0.0686236 -6.30824
367778100 0.604388 -0.0644365 0.796825 243.569 -0.799595 -0.019164 0.604971 13.9512 -0.0236437 -1.00073 -0.0629258 -6.42232
368192500 0.377678 -0.0763335 0.925172 245.485 -0.928654 -0.00862479 0.378397 14.8057 -0.0208554 -1.00004 -0.0739393 -6.55111
368606600 0.170985 -0.0709792 0.98497 247.784 -0.988108 -0.00865786 0.170879 15.259 -0.00360147 -1.00043 -0.071417 -6.71539
